17
21
23
34
36
61
67
68
84
85
94
103
105
107
109
111
112
117
124
130
135
138
145
154
156
157
175
177
184
188
191
198
199
203
209
211
222
231
234
236
249
252
256
283
286
287
291
298
299
303
305
307
321
323
328
330
339
346
352
353
356
357
361
362
368
376
384
394
395
402
406
419
423
426
433
434
450
452
474
494
502
505
507
510
518
523
530
535
546
550
554
573
576
580
605
618
629
630
631
634
638
639
653
665
674
679
689
690
695
698
703
711
720
721
725
728
731
735
745
747
755
757
771
773
776
779
781
782
787
794
796
801
804
805
807
808
820
822
824
832
835
843
849
852
854
858
863
875
878
885
890
894
899
902
904
907
914
923
924
945
946
947
948
949
952
959
963
969
975
984
986
995
998
1004
1006
1010
1018
1027
1029
1042
1044
1050
1062
1069
1076
1080
1084
1086
1093
1104
1106
1121
1124
1134
1135
1136
1137
1141
1148
1158
1160
1162
1163
1180
1183
1186
1187
1192
1197
1203
1207
1220
1226
1241
1257
1271
1276
1283
1286
1292
1301
1313
1319
1331
1332
1339
1344
1347
1351
1354
1357
1386
1397
1399
1401
1419
1423
1439
1441
1442
1453
1459
1474
1478
1485
1488
1493
1498
1516
1517
1527
1528
1530
1535
1544
1550
1552
1563
1567
1569
1571
1578
1579
1590
1594
1604
1606
1610
1611
1616
1620
1621
1629
1636
1673
1679
1699
1701
1709
1727
1757
1764
1767
1772
1778
1784
1787
1802
1804
1811
1816
1819
1840
1855
1858
1860
1863
1872
1893
1899
1900
1901
1915
1931
1935
1936
1944
1949
1958
1967
1972
1973
1982
1985
1986
1988
1991
1995
1999
2005
2015
2018
2021
2025
2029
2034
2040
2045
2049
2078
2081
2085
2090
2092
2093
2100
2113
2116
2124
2135
2136
2150
2165
2185
2187
2208
2215
2222
2223
2224
2240
2245
2258
2263
2264
2265
2268
2269
2280
2284
2298
2301
2303
2310
2322
2333
2338
2341
2343
2349
2361
2365
2369
2371
2378
2385
2387
2388
2394
2397
2413
2415
2420
2422
2423
2425
2427
2442
2452
2460
2464
2467
2473
2477
2479
2482
2486
2512
2513
2530
2539
2550
2558
2561
2577
2582
2586
2589
2590
2592
2598
2611
2619
2622
2625
2636
2639
2649
2652
2658
2664
2666
2667
2682
2710
2712
2718
2733
2740
2743
2747
2759
2763
2775
2784
2786
2791
2800
2809
2813
2819
2825
2828
2830
2846
2867
2871
2876
2885
2905
2919
2921
2953
2973
2974
2975
2984
2990
2997
3011
3019
3024
3026
3029
3036
3042
3045
3052
3065
3070
3078
3084
3100
3123
3127
3132
3133
3143
3145
3154
3155
3178
3180
3181
3184
3191
3196
3210
3214
3216
3217
3218
3222
3225
3234
3242
3250
3267
3268
3272
3278
3280
3283
3286
3306
3318
3319
3322
3333
3347
3357
3362
3365
3369
3371
3377
3386
3392
3393
3403
3404
3417
3425
3426
3433
3436
3437
3456
3460
3466
3481
3482
3490
3491
3497
3506
3513
3516
3523
3525
3533
3543
3559
3566
3575
3588
3593
3598
3600
3602
3623
3632
3633
3639
3644
3649
3657
3674
3676
3678
3685
3700
3703
3705
3722
3728
3734
3742
3746
3748
3765
3768
3771
3788
3790
3792
3793
3796
3800
3818
3830
3841
3851
3860
3862
3866
3868
3874
3876
3883
3895
3903
3911
3914
3917
3926
3929
3935
3939
3940
3949
3952
3956
3969
3974
3977
3980
3984
3987
3995
3999
4002
4004
4016
4026
4030
4058
4059
4063
4064
4071
4074
4076
4084
4094
4096
4101
4103
4104
4109
4113
4115
4118
4126
4137
4140
4155
4159
4166
4180
4187
4211
4239
4240
4264
4267
4268
4271
4275
4290
4292
4308
4313
4316
4317
4328
4329
4334
4346
4351
4367
4386
4390
4392
4394
4397
4401
4405
4406
4410
4423
4427
4448
4454
4456
4458
4467
4495
4506
4520
4521
4527
4535
4555
4559
4566
4570
4571
4574
4577
4587
4588
4592
4599
4602
4609
4611
4618
4631
4635
4640
4641
4644
4655
4664
4675
4676
4679
4685
4688
4690
4696
4700
4708
4713
4714
4718
4730
4741
4749
4765
4766
4767
4770
4784
4785
4787
4788
4796
4816
4821
4826
4827
4831
4833
4836
4843
4871
4873
4883
4893
4900
4904
4905
4906
4910
4915
4916
4918
4924
4929
4949
4951
4954
4958
4962
4966
4968
4985
5008
5018
5030
5031
5032
5038
5048
5049
5050
5051
5058
5060
5071
5072
5074
5077
5078
5096
5099
5103
5107
5124
5138
5139
5142
5145
5150
5158
5161
5163
5166
5170
5171
5183
5193
5195
5196
5199
5205
5215
5231
5239
5242
5244
5246
5247
5259
5278
5282
5285
5289
5290
5319
5321
5328
5330
5336
5343
5347
5348
5349
5362
5369
5370
5374
5382
5384
5389
5392
5393
5397
5398
5400
5403
5406
5410
5427
5448
5453
5460
5476
5481
5491
5494
5495
5506
5517
5525
5527
5528
5535
5542
5544
5555
5561
5564
5570
5573
5581
5596
5598
5604
5611
5617
5619
5620
5622
5637
5643
5645
5658
5662
5665
5666
5675
5679
5685
5689
5691
5692
5696
5709
5710
5712
5727
5739
5752
5760
5761
5766
5768
5771
5772
5774
5782
5783
5786
5790
5791
5794
5795
5801
5806
5816
5818
5819
5820
5824
5827
5830
5832
5839
5841
5844
5850
5855
5865
5866
5867
5874
5882
5885
5897
5901
5904
5908
5909
5910
5911
5913
5928
5935
5937
5944
5950
5954
5958
5962
5978
5979
5983
6001
6005
6008
6019
6020
6024
6038
6055
6061
6063
6069
6079
6082
6085
6086
6088
6090
6098
6113
6116
6124
6131
6145
6147
6155
6156
6158
6160
6166
6171
6174
6176
6179
6202
6206
6212
6214
6228
6234
6255
6258
6262
6272
6273
6279
6283
6317
6321
6331
6349
6353
6358
6359
6365
6378
6395
6398
6403
6428
6432
6437
6440
6447
6448
6449
6451
6464
6466
6470
6481
6488
6497
6502
6510
6526
6533
6534
6537
6540
6541
6542
6543
6545
6552
6566
6571
6575
6579
6589
6598
6603
6604
6621
6630
6632
6638
6653
6667
6675
6681
6685
6692
6697
6700
6702
6706
6707
6709
6710
6711
6718
6720
6736
6749
6755
6756
6760
6783
6787
6792
6805
6809
6821
6824
6828
6829
6833
6838
6841
6849
6850
6856
6863
6871
6878
6884
6891
6892
6894
6901
6908
6912
6914
6917
6919
6920
6930
6939
6940
6942
6950
6952
6953
6954
6955
6958
6960
6962
6969
6973
6976
6978
6981
6983
6988
6996
7009
7013
7029
7036
7051
7059
7066
7067
7092
7094
7095
7101
7102
7103
7105
7107
7118
7125
7138
7142
7155
7159
7161
7169
7175
7180
7181
7184
7187
7188
7192
7210
7211
7216
7223
7224
7225
7229
7230
7232
7234
7235
7241
7246
7247
7251
7253
7254
7260
7261
7262
7275
7284
7289
7299
7301
7309
7310
7323
7326
7327
7328
7338
7339
7354
7357
7359
7363
7371
7373
7382
7389
7391
7393
7402
7412
7413
7427
7429
7437
7445
7449
7452
7475
7476
7477
7478
7482
7487
7492
7494
7511
7513
7514
7517
7522
7529
7533
7534
7539
7546
7552
7554
7558
7562
7574
7585
7589
7595
7607
7612
7613
7614
7616
7618
7621
7627
7629
7632
7648
7650
7654
7665
7666
7668
7671
7676
7679
7681
7686
7695
7698
7702
7706
7709
7718
7726
7731
7752
7755
7756
7774
7778
7784
7786
7787
7798
7799
7804
7805
7808
7809
7815
7816
7830
7837
7853
7866
7871
7883
7884
7900
7908
7930
7936
7946
7951
7955
7958
7965
7968
7973
7979
7985
7995
7996
8006
8018
8024
8037
8057
8060
8068
8070
8071
8072
8073
8075
8080
8081
8086
8103
8105
8109
8110
8114
8115
8120
8145
8154
8156
8163
8167
8188
8209
8217
8222
8224
8228
8231
8238
8251
8258
8267
8273
8283
8296
8309
8311
8314
8323
8337
8344
8360
8364
8370
8374
8375
8389
8393
8406
8411
8414
8426
8427
8431
8432
8445
8447
8450
8452
8463
8464
8467
8471
8472
8481
8489
8492
8493
8498
8501
8505
8507
8512
8513
8519
8532
8533
8543
8546
8548
8551
8556
8558
8559
8569
8581
8597
8608
8619
8631
8654
8659
8662
8665
8668
8670
8674
8675
8678
8682
8686
8695
8697
8698
8714
8731
8734
8735
8744
8775
8780
8786
8789
8790
8795
8798
8799
8800
8801
8803
8809
8822
8845
8850
8869
8870
8876
8887
8896
8897
8900
8913
8914
8917
8921
8936
8947
8948
8978
8984
8985
8989
8990
8992
8995
8996
9002
9003
9013
9016
9030
9032
9036
9044
9054
9056
9058
9060
9061
9064
9070
9090
9092
9096
9101
9102
9128
9132
9137
9141
9144
9155
9161
9177
9186
9206
9211
9216
9221
9224
9227
9233
9248
9249
9251
9253
9256
9261
9263
9266
9267
9271
9272
9274
9278
9302
9304
9307
9311
9319
9324
9330
9331
9339
9341
9356
9363
9364
9377
9385
9393
9395
9402
9403
9407
9412
9428
9434
9443
9453
9454
9457
9473
9480
9481
9484
9486
9498
9505
9517
9518
9539
9540
9542
9544
9545
9547
9550
9555
9561
9571
9575
9576
9584
9602
9622
9635
9640
9656
9667
9672
9673
9676
9686
9688
9702
9706
9710
9714
9718
9725
9727
9736
9750
9753
9763
9768
9778
9782
9787
9791
9795
9805
9810
9818
9822
9823
9828
9829
9838
9851
9855
9856
9862
9863
9865
9871
9872
9873
9882
9887
9889
9891
9895
9897
9900
9902
9906
9911
9920
9923
9930
9933
9954
9957
9962
9965
9966
9967
9968
9969
9973
9976
9981
9982
9984
10004
10059
10071
10088
10094
10117
10119
10124
10125
10134
10144
10149
10152
10160
10167
10168
10174
10188
10197
10206
10207
10220
10222
10224
10226
10236
10246
10247
10248
10249
10251
10254
10257
10262
10272
10277
10301
10302
10303
10304
10305
10310
10315
10328
10349
10369
10375
10376
10377
10386
10390
10394
10395
10399
10414
10416
10417
10422
10423
10425
10428
10434
10446
10471
10478
10487
10502
10510
10512
10515
10525
10531
10532
10560
10569
10581
10589
10594
10595
10597
10604
10612
10623
10624
10634
10635
10637
10642
10653
10655
10668
10675
10676
10677
10679
10686
10687
10689
10694
10699
10704
10712
10721
10725
10736
10742
10751
10753
10757
10774
10799
10806
10809
10811
10814
10820
10832
10833
10835
10852
10854
10859
10861
10884
10886
10906
10914
10916
10924
10925
10928
10932
10935
10939
10947
10948
10950
10954
10957
10972
10973
10976
10992
11003
11007
11018
11019
11021
11024
11032
11043
11045
11049
11050
11061
11066
11076
11077
11085
11090
11098
11099
11108
11109
11123
11135
11138
11143
11145
11146
11147
11162
11165
11171
11195
11202
11205
11212
11216
11229
11234
11235
11236
11242
11255
11280
11285
11287
11288
11295
11317
11318
11321
11323
11328
11335
11338
11339
11341
11342
11343
11346
11348
11356
11361
11362
11369
11372
11382
11395
11421
11427
11432
11438
11442
11446
11448
11460
11464
11470
11473
11474
11475
11477
11479
11486
11502
11505
11512
11526
11527
11537
11554
11559
11563
11567
11585
11587
11588
11590
11595
11604
11608
11610
11618
11623
11627
11634
11638
11643
11646
11656
11667
11671
11674
11677
11693
11700
11702
11708
11710
11716
11722
11723
11728
11735
11745
11755
11756
11760
11762
11763
11764
11766
11767
11774
11785
11787
11795
11809
11815
11818
11825
11826
11830
11838
11842
11844
11850
11859
11860
11861
11862
11870
11876
11877
11880
11885
11892
11897
11901
11908
11912
11920
11921
11923
11932
11936
11944
11950
11952
11957
11973
11981
11993
12000
12003
12008
12013
12014
12020
12026
12028
12039
12048
12065
12070
12076
12077
12081
12087
12091
12104
12108
12110
12113
12122
12125
12132
12136
12140
12142
12149
12150
12154
12157
12164
12167
12183
12187
12188
12192
12194
12198
12203
12233
12234
12239
12249
12253
12267
12272
12274
12281
12289
12292
12302
12306
12310
12312
12318
12330
12337
12340
12342
12344
12346
12351
12360
12361
12365
12367
12387
12401
12403
12408
12410
12411
12412
12413
12446
12449
12450
12467
12472
12498
12501
12508
12530
12532
12540
12542
12551
12556
12564
12566
12567
12573
12581
12582
12589
12599
12613
12623
12631
12634
12659
12660
12690
12693
12697
12706
12709
12712
12713
12720
12730
12733
12736
12739
12741
12746
12769
12770
12773
12776
12779
12788
12795
12797
12798
12799
12805
12810
12819
12829
12830
12831
12834
12837
12849
12856
12858
12875
12878
12896
12902
12904
12905
12914
12920
12927
12937
12938
12940
12945
12952
12954
12982
12984
12987
12993
13033
13036
13045
13052
13055
13072
13074
13080
13086
13101
13110
13123
13144
13174
13179
13181
13183
13185
13192
13203
13208
13212
13214
13217
13223
13248
13252
13253
13258
13259
13265
13267
13279
13289
13293
13305
13306
13308
13316
13318
13329
13330
13355
13365
13373
13401
13405
13406
13408
13413
13419
13422
13428
13431
13436
13440
13451
13455
13459
13463
13476
13477
13486
13494
13509
13514
13528
13535
13536
13542
13543
13552
13559
13562
13564
13579
13589
13593
13599
13615
13618
13622
13625
13627
13628
13633
13634
13636
13640
13641
13644
13648
13657
13664
13666
13686
13699
13702
13705
13714
13719
13725
13728
13733
13735
13740
13761
13776
13778
13794
13796
13806
13807
13816
13830
13835
13837
13839
13852
13855
13856
13861
13864
13867
13868
13881
13882
13902
13906
13913
13920
13922
13930
13932
13935
13936
13941
13944
13948
13960
13965
13978
13993
13998
14002
14008
14031
14033
14038
14041
14048
14060
14061
14078
14082
14085
14087
14093
14094
14098
14100
14101
14104
14106
14109
14114
14116
14131
14154
14176
14183
14190
14193
14197
14200
14205
14217
14230
14236
14240
14245
14253
14256
14263
14269
14279
14291
14297
14300
14305
14306
14313
14316
14321
14328
14329
14330
14332
14333
14334
14342
14348
14363
14381
14391
14393
14405
14412
14416
14423
14427
14432
14442
14458
14461
14467
14472
14475
14478
14498
14507
14510
14516
14517
14520
14565
14566
14567
14568
14579
14582
14585
14597
14598
14603
14606
14607
14611
14617
14621
14622
14633
14634
14646
14651
14667
14669
14672
14701
14703
14705
14711
14714
14716
14738
14741
14749
14755
14757
14761
14768
14777
14788
14822
14824
14828
14835
14836
14837
14841
14855
14858
14862
14873
14880
14885
14887
14898
14909
14914
14922
14928
14946
14950
14953
14975
14983
14987
14990
14996
15003
15006
15012
15017
15025
15036
15041
15046
15047
15052
15054
15055
15057
15061
15066
15091
15093
15103
15121
15122
15128
15153
15160
15175
15185
15188
15191
15208
15209
15219
15226
15227
15228
15232
15238
15243
15254
15265
15281
15283
15284
15285
15301
15311
15333
15337
15341
15343
15348
15357
15361
15370
15374
15380
15381
15387
15401
15407
15411
15418
15428
15434
15439
15441
15450
15453
15454
15465
15467
15472
15485
15486
15490
15503
15508
15509
15537
15538
15545
15546
15547
15548
15558
15563
15566
15570
15573
15576
15593
15610
15624
15632
15637
15641
15644
15645
15654
15672
15679
15682
15686
15687
15697
15704
15713
15716
15722
15726
15727
15728
15732
15733
15749
15754
15763
15764
15769
15770
15778
15784
15793
15802
15809
15812
15832
15836
15841
15843
15845
15847
15850
15852
15853
15859
15865
15868
15877
15880
15881
15883
15894
15904
15905
15914
15916
15918
15919
15922
15930
15933
15935
15942
15952
15964
15967
15977
15992
15996
16013
16020
16022
16025
16032
16044
16053
16055
16072
16074
16076
16080
16088
16112
16115
16118
16122
16129
16136
16139
16156
16158
16164
16166
16172
16178
16186
16194
16200
16204
16210
16216
16236
16256
16258
16259
16260
16265
16271
16275
16278
16279
16281
16286
16296
16298
16312
16318
16320
16342
16345
16351
16373
16375
16381
16382
16391
16411
16412
16414
16429
16446
16454
16455
16463
16468
16483
16490
16492
16504
16510
16516
16518
16531
16542
16544
16549
16550
16551
16553
16554
16560
16577
16579
16590
16592
16605
16618
16621
16633
16634
16636
16644
16646
16655
16666
16674
16675
16676
16677
16680
16684
16685
16687
16695
16696
16698
16709
16721
16723
16724
16726
16727
16733
16738
16740
16745
16748
16752
16755
16774
16775
16776
16784
16786
16787
16791
16792
16798
16800
16802
16805
16819
16821
16832
16839
16847
16849
16856
16860
16865
16866
16879
16881
16884
16888
16897
16911
16913
16914
16917
16932
16934
16943
16947
16949
16961
16975
16976
16988
16989
16992
16994
16996
17002
17008
17021
17024
17026
17041
17047
17050
17052
17065
17068
17072
17079
17083
17086
17089
17112
17122
17125
17130
17132
17133
17143
17145
17149
17155
17181
17182
17190
17191
17196
17205
17206
17236
17237
17239
17244
17249
17260
17261
17278
17279
17282
17299
17328
17330
17336
17339
17341
17367
17384
17399
17406
17412
17419
17421
17423
17425
17472
17488
17496
17497
17498
17505
17513
17520
17521
17530
17531
17539
17546
17548
17564
17570
17574
17580
17581
17582
17586
17589
17606
17610
17613
17617
17628
17651
17655
17656
17658
17659
17664
17667
17679
17683
17692
17696
17708
17712
17717
17721
17722
17726
17728
17735
17742
17743
17754
17758
17764
17767
17775
17778
17780
17782
17786
17789
17791
17794
17795
17798
17800
17802
17807
17809
17820
17827
17833
17837
17843
17855
17857
17858
17859
17863
17868
17882
17891
17894
17899
17901
17904
17906
17912
17928
17946
17949
17960
17977
17978
17997
18031
18032
18035
18036
18054
18063
18066
18067
18068
18071
18076
18082
18089
18093
18094
18101
18103
18104
18105
18113
18114
18119
18123
18126
18148
18153
18166
18168
18184
18186
18187
18200
18214
18216
18225
18233
18250
18254
18258
18281
18288
18290
18294
18320
18321
18322
18333
18353
18357
18363
18368
18376
18395
18402
18408
18418
18419
18430
18436
18454
18456
18459
18460
18461
18468
18473
18477
18484
18510
18516
18532
18546
18556
18557
18559
18570
18572
18586
18590
18596
18614
18622
18623
18629
18633
18637
18648
18649
18653
18657
18673
18677
18681
18689
18699
18700
18704
18719
18725
18737
18738
18739
18740
18756
18759
18764
18768
18771
18778
18792
18815
18825
18833
18839
18846
18847
18848
18860
18868
18892
18897
18902
18908
18910
18921
18928
18936
18942
18952
18953
18954
18958
18962
18967
18968
18971
18974
18982
18996
19002
19012
19016
19029
19038
19039
19040
19048
19053
19056
19059
19060
19069
19071
19074
19075
19079
19080
19087
19095
19098
19102
19104
19117
19119
19142
19148
19154
19155
19164
19169
19184
19191
19201
19208
19213
19216
19223
19228
19241
19246
19270
19289
19293
19296
19303
19308
19310
19322
19326
19330
19333
19334
19338
19339
19344
19346
19351
19354
19356
19361
19370
19371
19372
19375
19398
19408
19410
19411
19412
19418
19437
19449
19450
19463
19470
19472
19488
19493
19507
19512
19522
19529
19533
19543
19544
19547
19568
19569
19570
19583
19588
19590
19592
19596
19597
19604
19616
19620
19622
19627
19632
19641
19666
19690
19698
19701
19725
19728
19731
19739
19754
19757
19771
19772
19793
19798
19805
19811
19815
19817
19823
19827
19833
19842
19851
19858
19859
19872
19891
19894
19896
19897
19898
19903
19911
19913
19937
19940
19952
19953
19960
19976
19981
19984
19986
20007
20009
20032
20036
20060
20061
20062
20064
20066
20071
20075
20082
20084
20086
20088
20101
20116
20121
20124
20125
20130
20132
20133
20140
20144
20147
20150
20162
20169
20173
20181
20187
20190
20199
20204
20214
20217
20226
20230
20236
20240
20242
20248
20249
20256
20263
20296
20298
20309
20312
20318
20320
20326
20339
20346
20356
20372
20373
20375
20381
20383
20389
20397
20400
20409
20410
20421
20423
20424
20425
20426
20447
20460
20469
20471
20473
20479
20528
20536
20542
20545
20546
20548
20551
20552
20560
20561
20573
20577
20578
20580
20598
20600
20606
20620
20624
20626
20643
20644
20651
20656
20678
20688
20698
20704
20711
20713
20719
20724
20742
20743
20745
20747
20749
20754
20759
20769
20776
20778
20794
20796
20801
20804
20816
20824
20836
20838
20843
20856
20862
20865
20883
20887
20891
20900
20913
20920
20922
20925
20929
20931
20938
20944
20947
20957
20966
20968
20969
20979
20981
20988
20993
20994
21003
21015
21021
21027
21042
21051
21071
21072
21090
21093
21099
21102
21107
21108
21115
21123
21124
21125
21138
21139
21144
21150
21151
21156
21157
21162
21166
21168
21185
21195
21202
21204
21220
21223
21233
21235
21248
21255
21256
21273
21274
21277
21280
21282
21284
21293
21297
21301
21302
21306
21312
21318
21321
21323
21334
21347
21350
21362
21369
21393
21399
21401
21405
21413
21423
21431
21447
21448
21450
21452
21453
21454
21457
21458
21460
21462
21469
21483
21507
21510
21513
21514
21520
21522
21530
21538
21548
21553
21569
21574
21580
21584
21592
21607
21613
21619
21623
21627
21630
21633
21645
21651
21666
21667
21675
21686
21687
21688
21693
21700
21706
21727
21734
21743
21745
21766
21769
21771
21773
21786
21790
21795
21806
21817
21819
21827
21828
21835
21845
21853
21857
21860
21866
21881
21885
21892
21900
21901
21903
21910
21918
21921
21939
21951
21955
21962
21965
21975
21990
22004
22007
22010
22017
22019
22020
22024
22026
22029
22043
22047
22050
22067
22078
22079
22083
22098
22119
22122
22126
22128
22129
22130
22160
22165
22176
22180
22192
22200
22206
22207
22208
22213
22225
22234
22235
22251
22253
22266
22277
22285
22289
22291
22297
22312
22324
22330
22332
22333
22336
22337
22350
22371
22383
22386
22392
22400
22421
22423
22424
22426
22432
22442
22446
22449
22450
22466
22475
22490
22493
22500
22503
22505
22516
22520
22528
22534
22538
22545
22549
22553
22557
22559
22578
22579
22581
22585
22587
22588
22600
22624
22626
22644
22646
22656
22663
22667
22677
22693
22697
22700
22703
22712
22718
22732
22735
22751
22753
22754
22762
22763
22766
22780
22782
22788
22792
22793
22797
22800
22801
22804
22815
22817
22818
22823
22833
22835
22836
22839
22844
22845
22849
22851
22853
22855
22856
22860
22862
22872
22888
22891
22896
22914
22921
22930
22931
22933
22936
22938
22941
22946
22951
22954
22963
22970
22987
23000
23002
23014
23023
23028
23033
23036
23038
23039
23049
23060
23062
23082
23092
23100
23108
23109
23140
23150
23153
23154
23156
23161
23162
23168
23178
23179
23194
23197
23201
23209
23216
23219
23224
23226
23238
23242
23244
23249
23257
23262
23264
23275
23281
23288
23292
23295
23304
23313
23317
23318
23325
23332
23337
23339
23364
23365
23368
23371
23380
23384
23390
23394
23397
23403
23440
23450
23452
23471
23473
23475
23477
23478
23483
23489
23498
23503
23517
23523
23533
23546
23549
23568
23577
23592
23596
23613
23632
23637
23642
23651
23657
23666
23675
23678
23680
23687
23690
23694
23696
23697
23705
23706
23707
23711
23719
23725
23734
23735
23739
23749
23752
23755
23761
23762
23774
23779
23780
23785
23786
23788
23790
23792
23802
23804
23809
23811
23815
23826
23829
23837
23841
23843
23844
23845
23847
23849
23872
23873
23876
23882
23885
23895
23897
23904
23925
23927
23929
23933
23943
23946
23949
23955
23959
23979
23986
23990
23999
24018
24021
24029
24030
24049
24067
24071
24074
24083
24084
24086
24094
24099
24105
24107
24110
24111
24114
24116
24121
24123
24129
24132
24134
24141
24163
24170
24177
24181
24190
24198
24226
24232
24233
24235
24236
24237
24242
24243
24248
24252
24253
24263
24271
24276
24280
24285
24289
24307
24317
24330
24338
24344
24357
24361
24374
24387
24401
24402
24444
24447
24465
24466
24468
24477
24480
24486
24488
24500
24504
24510
24548
24552
24556
24562
24569
24571
24573
24575
24577
24580
24581
24586
24588
24607
24612
24616
24622
24629
24631
24635
24653
24656
24663
24672
24674
24675
24676
24677
24682
24683
24687
24692
24711
24712
24714
24743
24745
24769
24772
24776
24785
24794
24806
24807
24808
24824
24825
24837
24846
24854
24856
24858
24865
24868
24872
24889
24891
24900
24901
24902
24937
24938
24955
24957
24958
24968
24975
24977
24978
24981
24982
24995
25001
25004
25006
25008
25009
25012
25016
25020
25027
25030
25039
25049
25053
25060
25069
25070
25072
25075
25076
25080
25104
25108
25111
25113
25115
25117
25121
25131
25135
25143
25148
25150
25155
25157
25167
25175
25177
25178
25184
25188
25189
25212
25213
25215
25216
25217
25219
25225
25232
25234
25235
25251
25255
25256
25258
25259
25270
25280
25286
25297
25299
25302
25313
25317
25318
25321
25323
25326
25329
25332
25337
25338
25345
25354
25355
25363
25367
25368
25377
25384
25385
25395
25396
25397
25400
25403
25411
25413
25415
25416
25435
25449
25458
25473
25477
25481
25482
25487
25490
25497
25504
25510
25515
25523
25526
25528
25538
25540
25553
25557
25574
25578
25581
25590
25611
25633
25634
25640
25655
25658
25668
25679
25693
25696
25697
25699
25708
25711
25714
25722
25723
25724
25725
25734
25736
25739
25757
25764
25772
25775
25779
25780
25782
25786
25787
25788
25790
25801
25809
25814
25815
25822
25835
25847
25848
25851
25860
25876
25879
25882
25888
25889
25891
25904
25905
25921
25929
25933
25935
25941
25949
25950
25954
25963
25965
25970
25975
25989
25995
25996
25997
26012
26013
26027
26031
26036
26040
26043
26046
26052
26055
26066
26067
26094
26095
26102
26105
26118
26119
26124
26125
26134
26136
26139
26140
26160
26161
26168
26178
26187
26192
26200
26201
26208
26212
26214
26215
26218
26219
26220
26222
26224
26228
26231
26234
26261
26263
26271
26274
26277
26285
26286
26288
26291
26303
26308
26313
26317
26320
26324
26331
26337
26350
26356
26368
26377
26381
26384
26391
26395
26398
26399
26401
26406
26412
26421
26425
26431
26432
26448
26452
26455
26459
26463
26469
26474
26475
26479
26491
26494
26515
26519
26523
26532
26533
26535
26537
26576
26579
26601
26603
26618
26620
26632
26633
26637
26638
26648
26649
26661
26672
26673
26678
26685
26688
26698
26704
26705
26709
26713
26715
26724
26727
26737
26741
26754
26771
26779
26780
26781
26837
26847
26855
26863
26864
26868
26872
26884
26887
26889
26901
26921
26926
26927
26928
26932
26935
26936
26948
26956
26964
26967
26980
26993
26996
27002
27003
27020
27022
27024
27026
27036
27043
27048
27049
27065
27067
27077
27083
27084
27089
27092
27102
27103
27106
27117
27119
27121
27132
27143
27148
27152
27160
27162
27163
27167
27172
27179
27184
27190
27192
27195
27198
27209
27210
27232
27235
27237
27242
27243
27245
27247
27251
27256
27266
27278
27282
27290
27299
27315
27330
27337
27341
27355
27362
27365
27367
27374
27379
27386
27387
27390
27398
27399
27400
27414
27416
27424
27425
27427
27431
27434
27440
27447
27449
27462
27463
27464
27467
27468
27471
27472
27476
27486
27499
27500
27504
27511
27512
27517
27525
27530
27536
27542
27547
27551
27553
27554
27563
27570
27574
27576
27577
27588
27597
27598
27599
27603
27616
27617
27639
27643
27655
27657
27659
27660
27661
27665
27666
27667
27677
27690
27694
27710
27712
27714
27722
27723
27726
27729
27743
27745
27750
27758
27770
27771
27778
27790
27793
27795
27797
27799
27800
27808
27816
27823
27829
27851
27863
27866
27869
27872
27875
27879
27894
27901
27905
27910
27927
27931
27949
27953
27960
27964
27979
27981
27995
28013
28016
28017
28019
28026
28032
28039
28043
28050
28055
28057
28061
28065
28073
28076
28080
28082
28089
28090
28092
28093
28099
28101
28104
28109
28115
28135
28138
28152
28166
28174
28175
28180
28182
28190
28192
28202
28206
28218
28221
28222
28223
28227
28239
28240
28247
28259
28264
28265
28270
28278
28281
28291
28292
28293
28296
28298
28300
28313
28315
28336
28338
28343
28346
28356
28358
28365
28394
28399
28410
28416
28423
28424
28426
28447
28457
28462
28496
28502
28505
28508
28515
28516
28522
28524
28525
28529
28530
28531
28541
28544
28561
28566
28575
28576
28578
28579
28585
28600
28601
28611
28619
28628
28630
28644
28651
28657
28660
28671
28676
28677
28681
28683
28698
28712
28716
28721
28724
28729
28735
28741
28742
28752
28753
28754
28765
28775
28776
28790
28792
28805
28806
28808
28814
28820
28824
28827
28843
28860
28865
28866
28868
28869
28880
28882
28883
28887
28902
28911
28915
28926
28930
28933
28935
28939
28941
28944
28960
28973
28982
28999
29002
29003
29012
29027
29030
29035
29043
29050
29052
29054
29055
29073
29074
29075
29092
29105
29110
29115
29121
29123
29129
29130
29135
29137
29138
29141
29142
29164
29176
29191
29219
29220
29251
29252
29261
29262
29274
29276
29278
29280
29299
29304
29305
29315
29316
29317
29328
29334
29336
29338
29340
29343
29350
29352
29358
29359
29360
29364
29365
29366
29372
29375
29377
29378
29392
29398
29411
29425
29426
29430
29433
29436
29453
29463
29467
29470
29477
29478
29481
29483
29493
29495
29496
29497
29502
29503
29504
29509
29512
29520
29530
29541
29544
29545
29552
29553
29556
29558
29570
29576
29579
29581
29601
29615
29619
29620
29621
29629
29631
29633
29646
29660
29664
29665
29666
29672
29682
29688
29690
29708
29722
29726
29730
29732
29744
29755
29765
29767
29810
29819
29829
29845
29859
29861
29862
29866
29872
29884
29894
29904
29905
29908
29918
29926
29937
29946
29950
29961
29965
29967
29968
29969
29971
29972
29973
29985
29991
29999
30011
30015
30026
30047
30049
30054
30065
30067
30070
30071
30075
30084
30088
30089
30093
30095
30105
30110
30114
30120
30129
30138
30139
30140
30143
30144
30154
30155
30163
30183
30192
30195
30198
30202
30208
30214
30217
30221
30225
30234
30239
30243
30247
30253
30259
30262
30266
30274
30275
30277
30282
30284
30296
30298
30299
30303
30316
30322
30336
30341
30344
30348
30349
30354
30373
30376
30393
30408
30410
30411
30412
30414
30420
30437
30447
30452
30453
30454
30457
30460
30461
30464
30466
30476
30477
30501
30503
30505
30507
30508
30509
30530
30534
30541
30544
30548
30550
30551
30552
30561
30564
30565
30569
30575
30579
30590
30595
30599
30601
30606
30610
30616
30637
30638
30641
30646
30648
30650
30659
30660
30669
30671
30678
30682
30695
30696
30699
30707
30714
30732
30737
30754
30775
30777
30786
30790
30798
30810
30820
30822
30825
30829
30846
30855
30861
30868
30887
30911
30913
30915
30917
30924
30927
30946
30962
30964
30977
30979
30985
30987
31014
31029
31031
31033
31043
31044
31051
31054
31056
31062
31069
31073
31086
31088
31093
31112
31120
31122
31133
31135
31136
31137
31139
31153
31160
31170
31171
31183
31184
31185
31187
31190
31193
31198
31199
31203
31205
31206
31207
31212
31226
31244
31260
31262
31275
31279
31290
31301
31305
31312
31320
31322
31330
31332
31336
31340
31361
31376
31385
31439
31441
31442
31451
31454
31470
31489
31496
31501
31502
31520
31521
31527
31543
31564
31569
31573
31574
31585
31610
31641
31651
31660
31662
31664
31679
31680
31684
31692
31700
31709
31712
31717
31719
31728
31755
31770
31778
31779
31792
31812
31842
31854
31880
31881
31886
31891
31904
31910
31911
31912
31920
31928
31931
31935
31942
31949
31965
31966
31969
31972
31973
31977
31982
31987
31994
31996
32001
32005
32013
32014
32023
32050
32052
32061
32074
32082
32099
32104
32106
32122
32125
32130
32135
32140
32149
32150
32153
32154
32156
32161
32177
32181
32190
32192
32193
32195
32203
32219
32234
32247
32286
32287
32299
32303
32317
32348
32351
32362
32367
32373
32376
32377
32380
32387
32396
32399
32406
32410
32412
32419
32420
32421
32425
32429
32433
32434
32436
32438
32440
32441
32447
32453
32460
32465
32466
32475
32481
32495
32500
32502
32504
32511
32512
32517
32527
32536
32540
32548
32559
32568
32572
32574
32592
32599
32605
32613
32628
32637
32639
32652
32655
32658
32664
32677
32678
32679
32684
32707
32733
32740
32742
32743
32746
32749
32766
32775
32786
32789
32790
32791
32797
32805
32809
32810
40000
40057
40059
40078
40094
40120
40124
40179
40236
40310
40337
40388
40405
40435
40461
40463
40464
40474
40526
40546
40576
40577
40695
40697
40708
40729
40736
40775
40822
40837
40851
40883
40900
40904
40911
40923
40934
41004
41024
41034
41035
41077
41115
41121
41182
41191
41192
41216
41217
41311
41350
41359
41373
41430
41442
41446
41448
41515
41603
41621
41639
41682
41702
41719
41724
41768
41795
41875
41890
41897
41902
41943
41945
41958
41966
41976
42035
42054
42055
42058
42067
42073
42129
42135
42180
42196
42210
42310
42327
42346
42351
42400
42410
42468
42492
42502
42525
42574
42583
42606
42683
42694
42697
42715
42763
42780
42794
42820
42851
42858
42892
42919
42926
42929
42970
42995
43067
43084
43112
43121
43122
43126
43128
43147
43186
43305
43320
43323
43325
43367
43439
43456
43459
43472
43478
43484
43501
43529
43551
43561
43589
43599
43656
43673
43749
43803
43812
43881
43911
43937
43943
43946
43961
43982
43991
44061
44064
44083
44206
44232
44245
44248
44265
44277
44300
44326
44408
44413
44451
44464
44486
44508
44521
44530
44570
44602
44622
44715
44735
44741
44751
44770
44787
44793
44799
44841
44851
44890
44941
45092
45124
45176
45180
45213
45232
45269
45273
45280
45309
45310
45321
45339
45344
45395
45407
45410
45426
45431
45509
45542
45566
45575
45576
45589
45608
45655
45684
45736
45783
45801
45835
45910
45914
45985
46028
46034
46057
46077
46081
46105
46127
46205
46228
46251
46260
46287
46339
46355
46373
46411
46423
46467
46487
46497
46521
46527
46566
46569
46586
46588
46668
46733
46755
46781
46809
46815
46836
46845
46851
46854
46889
46904
46926
46934
46943
47035
47045
47118
47127
47137
47216
47219
47226
47240
47257
47271
47326
47430
47450
47492
47543
47556
47569
47677
47683
47731
47733
47747
47748
47758
47775
47785
47787
47790
47816
47827
47887
47906
47907
47941
47956
47963
47983
47993
48011
48025
48032
48038
48118
48123
48124
48143
48159
48177
48233
48292
48297
48327
48340
48344
48372
48388
48414
48420
48451
48453
48521
48527
48580
48677
48693
48697
48734
48752
48779
48794
48812
48821
48826
48872
48885
48974
48999
49019
49034
49037
49068
49081
49106
49140
49225
49292
49311
49328
49380
49431
49453
49500
49544
49555
49580
49611
49623
49634
49649
49683
49840
49872
49925
49952
49999
50017
50041
50049
50079
50087
50093
50113
50140
50141
50148
50237
50259
50302
50315
50321
50362
50391
50405
50409
50440
50445
50476
50507
50532
50618
50623
50648
50651
50710
50721
50735
50744
50757
50760
50761
50762
50772
50807
50817
50822
50859
50895
50899
50939
50969
50976
50991
51004
51025
51027
51039
51078
51145
51165
51178
51180
51188
51195
51203
51226
51275
51327
51335
51337
51349
51418
51462
51482
51493
51505
51522
51545
51555
51558
51596
51628
51663
51698
51724
51754
51783
51791
51798
51821
51839
51847
51859
51891
51909
51992
52021
52068
52109
52125
52162
52172
52191
52260
52263
52296
52307
52314
52330
52350
52370
52420
52436
52452
52453
52467
52482
52529
52547
52566
52574
52592
52593
52606
52622
52641
52647
52676
52697
52710
52736
52779
52808
52816
52828
52837
52872
52875
52878
52898
52899
52932
52945
52952
52974
52978
52985
52996
53014
53119
53176
53216
53238
53247
53269
53294
53309
53355
53371
53372
53377
53404
53411
53432
53437
53459
53464
53466
53470
53492
53534
53596
53600
53632
53636
53650
53663
53669
53677
53714
53739
53759
53763
53775
53787
53804
53850
53876
53878
53896
53939
54121
54177
54182
54197
54241
54247
54276
54289
54305
54348
54353
54385
54393
54406
54420
54444
54487
54523
54602
54610
54613
54636
54651
54660
54681
54708
54728
54806
54811
54825
54826
54830
54832
54894
54922
54935
54994
55013
55027
55049
55059
55094
55104
55180
55186
55188
55260
55273
55281
55332
55337
55357
55423
55523
55529
55559
55571
55591
55597
55601
55616
55672
55677
55753
55783
55909
55920
55921
55966
55973
55992
56112
56116
56128
56174
56179
56187
56201
56229
56240
56243
56269
56283
56287
56289
56290
56307
56317
56391
56440
56462
56478
56490
56502
56527
56552
56635
56703
56757
56758
56796
56798
56840
56854
56855
56861
57001
57051
57073
57081
57091
57105
57114
57138
57139
57157
57159
57172
57199
57255
57288
57290
57299
57321
57330
57342
57412
57437
57467
57476
57496
57599
57637
57686
57713
57734
57735
57765
57806
57907
57911
57935
57981
57985
58008
58108
58128
58134
58153
58163
58242
58247
58249
58264
58286
58296
58308
58319
58351
58377
58389
58392
58416
58433
58451
58501
58505
58526
58528
58580
58617
58732
58736
58740
58747
58773
58781
58782
58792
58793
58810
58821
58825
58834
58854
58868
58899
58917
58955
58965
58993
59036
59049
59067
59085
59133
59141
59158
59194
59198
59210
59215
59225
59246
59301
59311
59314
59318
59347
59375
59411
59442
59448
59457
59496
59505
59507
59513
59516
59549
59551
59618
59628
59630
59657
59677
59716
59720
59761
59797
59801
59828
59829
59834
59841
59845
59848
59864
59875
59889
59917
59924
59936
59945
59948
59960
59979
59986
59991
60020
60057
60104
60106
60115
60142
60180
60181
60226
60274
60295
60343
60436
60518
60595
60668
60737
60767
60773
60798
60829
60842
60864
60878
60955
60977
61005
61030
61076
61078
61084
61106
61157
61163
61179
61182
61195
61201
61223
61259
61472
61500
61519
61551
61605
61620
61630
61642
61659
61667
61671
61676
61711
61738
61740
61802
61809
61816
61825
61913
61932
61943
62032
62035
62072
62114
62157
62183
62186
62194
62239
62259
62261
62284
62298
62380
62389
62466
62478
62479
62514
62527
62543
62586
62594
62603
62608
62613
62641
62646
62650
62674
62681
62691
62717
62733
62734
62813
62865
62917
62925
62930
63009
63039
63048
63053
63058
63107
63109
63110
63116
63130
63177
63201
63290
63292
63320
63327
63360
63364
63368
63386
63415
63494
63519
63539
63552
63601
63628
63637
63660
63692
63701
63721
63733
63734
63755
63756
63875
63878
63899
63938
63943
63955
63961
63992
64026
64089
64153
64160
64171
64230
64274
64277
64286
64296
64298
64361
64411
64416
64520
64538
64550
64673
64700
64740
64752
64785
64825
64873
64874
64904
64906
64919
64969
64988
64999
65003
65004
65056
65082
65164
65190
65217
65267
65284
65309
65351
65364
65401
65431
65449
65454
65467
65481
65535
65558
65582
65594
65623
65665
65703
65710
65759
65779
65824
65833
65861
65871
65906
65925
65954
65956
65959
65973
65979
65982
65994
66015
66061
66079
66093
66095
66151
66157
66158
66172
66244
66256
66264
66298
66307
66338
66384
66405
66412
66499
66505
66507
66532
66596
66604
66637
66688
66706
66723
66745
66761
66818
66823
66825
66831
66899
66919
66957
66988
67017
67050
67060
67067
67070
67112
67134
67140
67150
67154
67164
67172
67206
67209
67239
67241
67265
67281
67301
67344
67348
67384
67426
67446
67460
67473
67481
67512
67527
67579
67617
67624
67683
67711
67719
67735
67744
67803
67835
67887
67906
67910
67924
67956
67987
68059
68065
68089
68099
68103
68123
68127
68135
68140
68174
68184
68186
68218
68221
68251
68295
68301
68356
68389
68391
68401
68433
68453
68457
68564
68579
68605
68699
68702
68704
68709
68764
68780
68785
68867
68870
68900
68905
68915
68944
68946
68956
69000
69011
69047
69098
69144
69169
69194
69225
69237
69250
69251
69265
69271
69272
69293
69295
69323
69328
69338
69344
69354
69359
69398
69433
69438
69447
69483
69531
69578
69654
69713
69745
69761
69766
69776
69806
69851
69855
69857
69904
69912
69995
70004
70078
70080
70180
70188
70191
70226
70252
70267
70313
70330
70355
70386
70433
70445
70469
70476
70485
70494
70500
70516
70521
70558
70563
70587
70645
70709
70728
70745
70772
70807
70842
70851
70854
70872
70886
70890
70907
70937
70989
71012
71054
71083
71084
71107
71108
71130
71146
71177
71184
71190
71192
71194
71220
71244
71277
71336
71369
71377
71397
71483
71527
71603
71645
71707
71774
71825
71848
71871
71878
71921
71962
71986
72000
72033
72043
72073
72083
72113
72147
72163
72196
72197
72230
72233
72308
72329
72353
72354
72421
72447
72482
72536
72541
72545
72582
72678
72707
72714
72725
72753
72790
72844
72847
72885
72914
72924
72930
72940
72969
72978
72992
73043
73058
73068
73081
73126
73129
73143
73186
73200
73206
73211
73242
73249
73322
73358
73370
73385
73409
73417
73454
73488
73509
73565
73572
73575
73579
73612
73645
73648
73673
73686
73713
73755
73770
73811
73877
73941
73946
73973
73979
74001
74002
74016
74032
74046
74081
74144
74220
74223
74232
74252
74289
74319
74346
74353
74376
74408
74426
74438
74444
74456
74463
74482
74493
74504
74514
74533
74554
74562
74626
74627
74630
74632
74639
74674
74677
74687
74693
74711
74725
74816
74817
74821
74835
74857
74880
74894
74924
74935
74955
74976
75027
75054
75071
75100
75155
75188
75194
75201
75223
75249
75251
75300
75305
75315
75320
75335
75393
75401
75420
75451
75454
75493
75500
75509
75510
75525
75536
75557
75581
75586
75609
75631
75658
75666
75668
75741
75772
75782
75795
75796
75824
75830
75867
75883
75899
76001
76005
76012
76028
76056
76134
76151
76165
76174
76186
76193
76196
76203
76222
76240
76251
76261
76282
76327
76390
76418
76435
76446
76459
76476
76477
76479
76529
76558
76580
76594
76602
76646
76652
76654
76695
76697
76698
76732
76760
76780
76782
76797
76800
76803
76835
76853
76930
76994
77019
77037
77053
77067
77129
77135
77148
77149
77163
77220
77259
77265
77280
77330
77341
77349
77352
77383
77395
77413
77427
77436
77443
77469
77471
77478
77480
77484
77487
77502
77511
77527
77614
77660
77661
77673
77676
77734
77746
77771
77815
77816
77836
77842
77850
77900
77924
77947
77951
77980
77987
78007
78076
78100
78215
78238
78241
78318
78342
78380
78388
78415
78419
78454
78481
78504
78506
78536
78565
78641
78685
78701
78704
78705
78708
78716
78782
78801
78814
78892
78895
78946
78966
78996
79002
79015
79038
79050
79051
79090
79094
79100
79126
79262
79288
79294
79348
79539
79556
79564
79576
79585
79602
79645
79651
79709
79735
79795
79804
79836
79851
79873
79900
79909
79923
79931
79977
79996
79998
80015
80041
80045
80046
80081
80105
80106
80111
80163
80237
80260
80274
80286
80287
80298
80305
80308
80313
80342
80350
80369
80423
80490
80511
80536
80547
80603
80628
80658
80757
80778
80789
80791
80799
80805
80847
80858
80920
80927
80956
80982
81020
81025
81041
81096
81114
81122
81146
81154
81157
81202
81209
81229
81232
81233
81240
81245
81247
81317
81342
81349
81362
81387
81425
81443
81444
81456
81464
81491
81515
81529
81543
81545
81560
81561
81592
81608
81660
81662
81692
81715
81754
81778
81807
81810
81846
81850
81865
81866
81893
81904
81926
81933
81958
82003
82038
82065
82073
82091
82100
82104
82150
82177
82187
82195
82202
82208
82217
82229
82231
82377
82393
82405
82433
82494
82551
82575
82609
82649
82681
82685
82806
82810
82828
82843
82846
82950
82960
82973
83013
83057
83079
83120
83128
83151
83156
83180
83182
83204
83210
83255
83301
83361
83393
83401
83433
83466
83509
83527
83532
83550
83564
83603
83607
83608
83653
83691
83695
83700
83751
83892
83901
83932
83937
83964
84061
84107
84172
84223
84266
84306
84310
84350
84421
84450
84461
84463
84465
84467
84469
84519
84534
84595
84600
84615
84624
84633
84669
84685
84687
84745
84845
84874
84884
84909
84914
84966
84983
85036
85050
85079
85131
85138
85144
85163
85195
85255
85258
85264
85327
85350
85402
85417
85441
85457
85479
85489
85490
85539
85639
85685
85700
85704
85723
85740
85767
85828
85842
85866
85870
85892
85899
85929
85986
85999
86018
86042
86086
86089
86146
86158
86193
86209
86276
86279
86317
86393
86530
86561
86628
86645
86648
86663
86684
86709
86711
86717
86719
86722
86744
86773
86805
86810
86824
86831
86845
86866
86879
86934
86939
86961
87053
87055
87144
87160
87257
87263
87266
87275
87284
87291
87348
87352
87376
87410
87428
87470
87533
87572
87595
87602
87621
87651
87687
87704
87869
87880
87926
87936
87948
87962
87963
87978
87980
87982
87986
87995
88008
88009
88018
88065
88079
88091
88099
88163
88164
88206
88214
88254
88265
88306
88325
88343
88356
88420
88432
88446
88452
88508
88523
88635
88636
88647
88685
88711
88733
88765
88782
88832
88857
88882
88971
88994
89040
89092
89095
89100
89103
89119
89124
89180
89212
89277
89290
89329
89347
89356
89419
89446
89447
89493
89502
89536
89556
89616
89633
89735
89754
89797
89799
89817
89840
89849
89927
89992
90020
90021
90026
90033
90044
90122
90143
90165
90317
90354
90365
90369
90392
90396
90403
90418
90441
90451
90455
90460
90508
90522
90533
90538
90546
90560
90626
90658
90676
90688
90699
90720
90725
90755
90802
90805
90814
90834
90890
90902
90910
90954
90990
91024
91090
91103
91143
91150
91158
91199
91200
91242
91245
91327
91451
91465
91469
91511
91513
91525
91529
91548
91551
91561
91588
91601
91616
91633
91669
91705
91730
91738
91773
91802
91827
91838
91842
91855
91862
91867
91872
91934
91995
92063
92066
92117
92135
92137
92175
92195
92212
92277
92281
92287
92326
92331
92373
92393
92410
92415
92420
92425
92438
92525
92551
92589
92644
92651
92668
92757
92796
92801
92820
92843
92873
93018
93025
93026
93039
93054
93078
93113
93119
93187
93191
93203
93233
93272
93277
93284
93325
93336
93360
93381
93387
93398
93422
93432
93459
93475
93506
93517
93535
93560
93564
93571
93593
93595
93602
93610
93632
93637
93648
93659
93663
93679
93701
93705
93722
93799
93806
93836
93838
93870
93900
93924
93932
93950
93970
93996
94016
94021
94046
94049
94091
94105
94117
94241
94256
94264
94297
94312
94329
94430
94446
94525
94530
94574
94575
94581
94597
94611
94645
94696
94698
94762
94785
94817
94821
94828
94853
94872
94924
94937
94944
94959
94962
94974
94977
95000
95004
95057
95076
95100
95118
95122
95126
95129
95136
95182
95238
95312
95372
95377
95380
95427
95447
95515
95523
95561
95637
95677
95705
95708
95725
95759
95765
95782
95816
95821
95830
95834
95895
95909
95925
96006
96023
96025
96040
96100
96137
96145
96148
96177
96199
96212
96218
96234
96240
96259
96260
96371
96391
96404
96429
96442
96456
96468
96491
96514
96577
96651
96666
96677
96686
96719
96731
96734
96741
96759
96767
96774
96777
96791
96793
96810
96848
96908
96924
96928
96950
96958
96962
96965
96984
96997
97020
97023
97037
97042
97070
97178
97181
97206
97212
97307
97353
97421
97441
97443
97488
97529
97547
97564
97567
97569
97659
97714
97769
97830
97842
97902
97916
97917
97924
97942
97984
98024
98048
98050
98103
98130
98169
98185
98220
98249
98268
98276
98279
98336
98342
98347
98385
98481
98494
98518
98554
98593
98622
98666
98744
98759
98761
98813
98829
98853
98864
98887
98905
98920
98930
98931
98973
98994
99054
99085
99088
99096
99100
99102
99120
99166
99178
99185
99231
99260
99268
99299
99312
99322
99339
99346
99361
99383
99384
99408
99439
99464
99469
99503
99538
99556
99562
99613
99647
99650
99660
99712
99756
99781
99783
99822
99883
99897
99923
99982
